defaultdict(<function mc_control_epsilon_greedy.<locals>.<lambda> at 0x108aee158>, {221: array([-1220.41666667, -1514.16666667, -1356.4       ,   -84.03225806,
       -1020.61538462, -1205.91666667]), 321: array([-831.47368421, -803.95238095, -706.61111111, -904.46666667,
       -843.        , -542.34210526]), 421: array([ -913.58333333, -1141.75      ,  -698.57142857,  -648.03225806,
       -1110.69230769, -1393.66666667]), 441: array([-2782.        ,  -220.41025641, -2873.        , -2758.6       ,
       -2371.66666667, -2696.        ]), 341: array([-2309.25      ,  -133.57954545, -4430.66666667, -1993.        ,
       -3291.66666667, -2531.5       ]), 492: array([-531.20547945, -641.53571429, -683.89473684,  -73.37819421,
       -500.56451613, -566.46      ]), 392: array([  -83.50628366,  -763.82352941,  -970.88888889,  -825.44      ,
       -1157.6       , -1351.36363636]), 472: array([-391.35714286, -529.28571429, -552.6557377 , -396.2875    ,
        -54.90015361, -405.6440678 ]), 476: array([-402.58823529,  -30.65576324, -770.26666667, -750.4       ,
       -723.38461538, -847.16666667]), 376: array([-793.0625    , -496.53333333,  -26.17721519, -598.53333333,
       -327.30769231, -399.25      ]), 496: array([-867.84615385, -646.31818182, -464.2       , -589.55555556,
       -818.66666667, -520.86666667]), 396: array([-758.71428571,  -25.68652038, -575.61904762, -644.23809524,
       -570.34615385, -548.09677419]), 372: array([ -322.7244898 , -1270.4       , -1851.        , -1353.        ,
       -1724.66666667, -1927.8       ]), 491: array([-446.35416667, -870.05555556, -829.1       , -639.625     ,
       -545.79310345, -922.13333333]), 391: array([ -660.36842105, -2414.14285714, -2893.16666667, -2786.77777778,
       -2265.14285714, -3138.42857143]), 471: array([-1795.28571429,  -336.88888889, -2107.5       , -2200.16666667,
       -2773.75      , -2581.4       ]), 371: array([-2492.44444444,  -357.2826087 , -2379.375     , -2455.        ,
       -2365.        , -1731.76923077]), 160: array([-1135.73684211,  -923.58823529, -1770.85714286,   -38.21259843,
        -953.61538462,  -750.53846154]), 260: array([-1228.54545455,  -120.07048458, -2149.375     , -1254.33333333,
       -1190.35714286, -1462.4       ]), 360: array([-4012.        ,  -267.84210526, -4622.        , -3919.5       ,
       -2289.66666667, -2145.75      ]), 460: array([-1005.14285714,  -615.05263158,  -728.13636364, -1003.3125    ,
        -535.06451613,  -810.94117647]), 480: array([-1270.33333333,  -308.70454545, -1297.46666667, -1380.75      ,
       -1051.27272727,  -831.69565217]), 380: array([-1743.2       ,  -236.88059701, -2240.4       , -2898.33333333,
       -1776.5       , -1850.66666667]), 386: array([-3261.4       , -2352.25757576, -3752.        , -3956.        ,
       -3889.4       , -3367.6       ]), 486: array([-2003.64150943, -2310.27906977, -2670.52173913, -2222.97142857,
       -2437.86206897, -2471.96      ]), 466: array([-2004.44444444, -2123.17073171, -1988.55263158, -1813.63888889,
       -1940.64      , -2181.71875   ]), 286: array([-2775.85      , -2924.05      , -2847.6875    , -2205.02054795,
       -3061.85714286, -2589.75862069]), 366: array([-3351.6       , -2099.44117647, -2990.33333333, -3249.6       ,
       -3975.2       , -2773.5       ]), 180: array([ -625.16129032, -1367.81818182, -1439.22727273,  -970.80769231,
        -951.11764706,  -579.90740741]), 280: array([-1138.6       , -1615.23529412, -1755.        ,  -115.49557522,
       -1192.2       , -1371.5       ]), 60: array([-2391.875     , -2213.33333333, -3161.77777778,  -266.19753086,
       -3515.14285714, -2706.28571429]), 40: array([ -86.98947368, -116.22058824, -399.91428571, -147.64102564,
       -330.77142857, -215.10810811]), 140: array([ -596.07142857,  -735.58333333,  -608.76923077,   -13.03517588,
       -1614.66666667,  -292.875     ]), 240: array([-432.59375   , -252.2       , -263.55769231, -131.57228916,
       -187.34146341, -287.40909091]), 340: array([-2174.        ,  -160.6440678 , -2603.66666667, -2522.85714286,
       -1454.625     , -2553.16666667]), 440: array([-1173.91666667,  -939.16666667,  -482.75      ,  -950.42105263,
       -1088.13333333, -1127.25      ]), 420: array([-2501.        ,  -430.0212766 , -2748.5       , -2818.8       ,
       -2102.42857143, -2376.83333333]), 320: array([-2627.33333333, -1859.        ,  -185.8125    ,  -843.83333333,
       -1822.        , -1477.        ]), 186: array([-2359.29230769, -2859.        , -3171.8       , -2903.42857143,
       -3978.25      , -3484.25      ]), 86: array([-2770.35714286, -1976.2       , -1969.86666667, -3434.14285714,
        -945.05263158, -2288.82352941]), 266: array([-2730.78947368, -2750.95454545, -2451.26923077, -1996.3787234 ,
       -2307.5862069 , -2283.        ]), 98: array([ -469.63157895, -1281.375     , -1623.625     , -1190.8       ,
       -2378.8       , -1165.79166667]), 198: array([-1135.18181818,  -942.4       , -1003.44444444,   -29.67928287,
        -725.        ,  -490.64285714]), 298: array([ -930.61538462,   -25.75362319,  -870.55555556, -1113.33333333,
        -345.75      ,  -416.1       ]), 398: array([-1014.        ,   -32.07068607,  -784.94736842,  -752.92857143,
        -906.5       ,  -638.72222222]), 498: array([-1007.66666667,   -33.3415978 ,  -814.83333333,  -923.9375    ,
        -745.5625    , -1461.        ]), 478: array([-165.01020408, -123.58126722,  -39.64109589, -207.7625    ,
       -229.16091954, -300.52941176]), 474: array([-1169.9       , -1325.73913043, -1697.43478261, -1450.77272727,
         -89.87804878, -1133.16666667]), 494: array([-1471.41666667, -1402.        , -1095.81818182,  -100.26190476,
       -1488.75      ,  -972.66666667]), 193: array([-1851.        ,  -420.92857143, -1965.16666667, -2590.15384615,
       -2052.25      , -1272.8       ]), 293: array([ -59.57392996, -989.57142857, -536.78571429, -937.73684211,
       -966.91666667, -723.25      ]), 393: array([ -39.78922717, -231.75      , -149.6637931 , -163.776     ,
       -217.21505376, -250.10714286]), 493: array([-613.15      , -842.18181818, -710.15789474,  -26.86859688,
       -642.55555556, -720.        ]), 473: array([-563.03703704, -897.18181818, -936.77777778, -934.38095238,
        -25.99366086, -886.25      ]), 477: array([ -87.0625    , -174.75      ,    2.17966102, -207.65957447,
       -170.54545455, -248.51111111]), 497: array([-199.92857143,    5.33164129, -183.14285714, -241.05      ,
       -230.35      , -135.75      ]), 397: array([-234.88888889,    9.77201258, -151.83333333, -229.53846154,
       -201.26666667, -202.07692308]), 377: array([ -96.        , -164.1627907 ,  -48.18181818,  -47.44186047,
       -171.65      ,  -96.88888889]), 373: array([ -175.57142857, -2184.375     , -2128.28571429, -1897.28571429,
       -1532.8       , -1642.5       ]), 269: array([-1780.6       , -1479.02941176, -1317.14285714,  -295.24503311,
       -1014.24489796, -1420.16129032]), 369: array([ -862.77083333, -3874.42857143, -4112.75      , -4369.75      ,
       -3853.4       , -3015.        ]), 469: array([-2537.        , -3373.14285714,  -634.14102564, -1898.84615385,
       -1991.625     , -2395.22222222]), 489: array([-877.84210526, -620.75824176, -545.97619048, -972.54545455,
       -732.16981132, -870.125     ]), 389: array([-2226.91666667,  -475.56637168, -2127.44444444, -2500.11111111,
       -2272.        , -3739.33333333]), 64: array([-1807.34482759, -1497.30434783, -1077.46875   , -1822.55      ,
        -822.75      , -1785.40909091]), 164: array([-1974.52173913, -1753.23684211,  -130.83606557, -1840.57142857,
       -2057.79411765, -2448.58823529]), 264: array([-2371.875     ,  -139.62676056, -3244.36363636, -2996.44444444,
       -1532.88888889, -2636.57142857]), 284: array([-3751.46153846, -3037.5       , -3284.21428571,  -560.609375  ,
       -3489.4375    , -3098.4       ]), 384: array([-2520.42857143,  -472.41573034, -2706.1875    , -2180.36842105,
       -1546.78787879, -2215.1       ]), 484: array([-2548.        ,  -841.54098361, -4787.5       , -3950.6       ,
       -5184.        , -3539.25      ]), 464: array([-3385.        , -4446.57142857,  -796.24242424, -3717.83333333,
       -4072.33333333, -3637.25      ]), 364: array([-2224.4       , -1603.57142857, -1722.59090909, -1992.625     ,
       -1265.68292683, -1477.33333333]), 100: array([-2634.2       ,   -53.52307692, -2932.33333333, -1666.        ,
       -3571.66666667, -2419.66666667]), 200: array([-1150.75      ,  -199.66304348, -1015.40909091,  -966.26315789,
        -926.23809524,  -680.66666667]), 300: array([-2621.77777778,  -462.96923077, -2088.36363636, -1910.72727273,
       -2229.        , -1806.92307692]), 400: array([ -794.22857143,  -937.33333333, -1073.38095238, -1205.        ,
       -1198.45      , -1332.47368421]), 110: array([  -49.19354839, -1564.4       , -2018.5       , -1624.2       ,
       -1315.        , -2676.33333333]), 210: array([   7.421875  , -455.14285714, -585.375     , -509.83333333,
       -388.33333333, -372.9       ]), 310: array([  17.18923328, -321.75      ,  -71.69230769,  -63.35714286,
        -74.76923077,  -57.46666667]), 410: array([12.88888889, 13.72727273, 12.        , 17.875     , 18.71048513,
        6.77777778]), 418: array([18.46666667, 17.30555556, 18.36111111, 18.91891892,  9.92857143,
       20.        ]), 220: array([-510.71428571, -231.50819672, -159.76829268, -443.88636364,
       -328.92682927, -238.31578947]), 80: array([-1145.92307692, -1584.        , -1186.30434783,  -653.58974359,
       -1479.72      ,  -927.59090909]), 485: array([ -846.0625    ,  -344.2173913 ,  -700.73913043, -1178.69230769,
       -1072.28571429, -1035.4375    ]), 465: array([-1967.33333333, -2574.        ,  -566.9       , -2331.4       ,
       -2150.33333333, -2758.5       ]), 365: array([-1481.9       ,   -87.58241758, -1349.2       ,  -857.125     ,
       -1027.66666667,  -727.7       ]), 385: array([-2219.16666667, -1543.6       ,  -799.5       ,  -183.6969697 ,
       -2324.        , -1433.2       ]), 444: array([-1310.91139241, -1493.6091954 , -1746.96875   , -1840.325     ,
       -1549.3968254 , -1631.39344262]), 424: array([-2735.2       , -2665.56      , -1701.49450549, -2605.3       ,
       -2732.94594595, -2647.89473684]), 324: array([-2342.56944444, -1123.79674797, -2268.46808511, -2354.39583333,
       -1986.8245614 , -2486.58      ]), 344: array([-2773.0625    , -2985.92307692, -2652.74074074, -1572.91150442,
       -2610.38461538, -3456.78947368]), 490: array([-1314.3       , -1048.13333333,  -481.6875    ,  -633.5       ,
       -1453.27272727, -1450.8       ]), 390: array([-2176.85714286, -1687.71428571, -2056.        ,  -397.15662651,
       -1038.33333333, -2961.5       ]), 470: array([-2800.2       ,  -478.69863014, -3074.        , -1535.5       ,
       -3156.        , -1940.8       ]), 370: array([-643.5       , -348.3697479 , -599.82758621, -463.43478261,
       -681.        , -587.22807018]), 287: array([ -766.33333333, -1084.05555556,  -338.97777778,  -614.92592593,
        -933.9375    , -1127.3125    ]), 267: array([-1229.80952381,   -19.7985782 , -1022.46666667, -1205.5       ,
        -812.92307692,  -963.5       ]), 367: array([-2313.22222222,  -210.86206897, -2172.18181818, -1734.41666667,
       -1714.55555556, -2019.5       ]), 467: array([-1895.7       ,  -642.30952381, -2433.        , -1926.07692308,
       -1705.83333333, -1790.9       ]), 487: array([ -697.38095238, -1181.22222222, -1190.26315789,  -891.63333333,
       -1283.15789474, -1076.3       ]), 387: array([-1406.45      , -1603.35714286, -1314.2       ,  -374.28      ,
       -1349.76470588,  -866.10344828]), 192: array([-519.02040816, -620.51851852, -245.09859155, -530.75      ,
       -602.3125    , -685.81818182]), 292: array([  -79.59626168, -1282.        ,  -489.42857143,  -764.65      ,
        -874.73333333,  -259.28571429]), 272: array([ -631.5625    ,  -699.36363636,   -86.38592751,  -866.52941176,
        -873.90909091, -1062.55555556]), 252: array([-1004.9       , -1340.07692308,   -90.50773196,  -874.        ,
        -740.18181818, -1823.33333333]), 352: array([-608.13333333,  -59.5959596 , -421.2       , -790.4       ,
       -904.625     , -560.72727273]), 452: array([-222.01234568,  -78.17647059, -245.40384615, -308.80487805,
       -268.75      , -295.61363636]), 432: array([ -642.14285714, -1754.42857143,  -101.88663968,  -933.2       ,
        -508.81818182,  -682.71428571]), 332: array([ -110.61333333, -1370.46153846,  -922.8       , -2839.25      ,
       -1393.125     , -1662.        ]), 406: array([-1838.15904936, -1869.28130672, -1826.7277677 , -1829.08455882,
       -1835.78427788, -1833.06788991]), 306: array([-1962.69927536, -1990.0971223 , -1928.95016611, -1934.44982699,
       -1931.31525424, -1946.22916667]), 434: array([-2388.64285714,  -805.        , -2960.        , -2810.53846154,
       -2317.64285714, -2512.61538462]), 454: array([-1329.92592593, -1260.45945946,  -889.5       , -1269.05263158,
       -1744.26086957, -1244.77777778]), 354: array([-1245.35135135, -1066.45454545, -1178.76666667, -1119.44444444,
       -1372.08      ,  -784.47368421]), 334: array([-2345.64      ,  -477.06521739, -2152.76470588, -2447.28571429,
       -1634.92857143, -1860.5625    ]), 126: array([-2179.69620253, -2280.4375    , -2444.625     , -2475.33333333,
       -2627.21428571, -2390.6       ]), 226: array([-2315.54761905, -2074.13157895, -2482.66666667, -2027.13953488,
       -2472.11111111, -2200.85714286]), 326: array([-2515.5       , -2408.125     , -2071.31428571, -2394.2       ,
       -2592.84615385, -2544.73333333]), 426: array([-2054.        , -2325.72222222, -1679.9375    , -2609.53846154,
       -2180.29411765, -2245.77777778]), 446: array([-1820.45      , -1911.46666667, -1759.44736842, -1785.8       ,
       -1887.11111111, -1734.36363636]), 346: array([-2509.94444444, -1900.024     , -2576.61538462, -2650.15384615,
       -2296.375     , -2781.54545455]), 71: array([-2542.875     , -2394.6       , -2220.88888889,  -136.36693548,
       -1147.61538462, -1103.8       ]), 171: array([-3012.5       , -4304.5       ,  -236.5       , -4202.2       ,
       -3827.66666667, -1457.83333333]), 271: array([-2630.33333333,  -317.47651007, -2649.16666667, -2080.14285714,
       -1682.33333333, -1545.3       ]), 291: array([-2162.66666667, -4754.33333333, -3285.75      ,  -882.53658537,
       -2865.4       , -3294.75      ]), 191: array([-2198.8       ,  -161.03243243, -2004.42857143, -2567.16666667,
       -1694.        , -1662.8       ]), 251: array([ -451.14634146, -2629.        , -3070.25      , -2510.42857143,
       -2718.66666667, -2026.5       ]), 351: array([ -167.51219512, -1948.33333333, -1421.4       , -1243.14285714,
       -1847.6       , -1519.        ]), 451: array([-3066.33333333, -2060.5       , -2345.25      ,  -190.2038835 ,
       -3387.66666667, -1758.66666667]), 431: array([-1377.44444444,  -185.50793651, -1038.92307692, -1129.81818182,
       -2005.4       , -1038.81818182]), 331: array([-530.        , -111.76595745, -570.65714286, -258.        ,
       -379.97058824, -399.55263158]), 21: array([ -480.86842105, -2296.5       , -4816.5       , -3624.        ,
       -4220.        , -8183.        ]), 121: array([-2123.        , -1547.28571429, -2947.625     ,  -277.72115385,
       -2139.2       , -2033.2       ]), 101: array([-1345.6       ,   -43.33274021,  -916.88888889,  -628.17647059,
        -614.94736842,  -737.16666667]), 201: array([-1844.81818182,   -54.33476395,  -909.92857143, -1055.36842105,
        -716.5       ,  -592.        ]), 301: array([-2835.        ,  -327.28070175, -1891.85714286, -3372.33333333,
       -1983.        , -1918.33333333]), 401: array([-2015.5       ,  -649.91428571, -2037.90909091, -2850.        ,
       -2853.42857143, -1852.36363636]), 67: array([-591.13333333, -341.88888889,  -26.3245614 , -370.41176471,
       -158.33333333, -644.25      ]), 167: array([-639.5       ,  -39.43469388, -497.54545455, -723.75      ,
       -372.85714286, -702.42857143]), 187: array([ -973.        , -1765.66666667,  -774.25      ,  -162.40196078,
       -1127.        , -1310.875     ]), 147: array([-2363.        ,  -149.625     , -1603.125     , -2616.16666667,
       -2655.        , -1391.5       ]), 247: array([-2007.75      , -2212.        ,   -76.92068966,  -975.66666667,
       -1283.16666667, -1446.5       ]), 347: array([-776.25      ,  -75.63636364, -779.31578947, -741.94444444,
       -995.        , -529.90625   ]), 447: array([-819.8125    , -109.63900415, -796.66666667, -908.38888889,
       -889.21052632, -771.19047619]), 427: array([-647.15      , -764.90909091, -142.6       , -683.88095238,
       -727.18918919, -774.05555556]), 327: array([ -173.54358974, -1050.58333333, -1019.5       ,  -978.4       ,
       -1317.66666667,  -899.625     ]), 169: array([-1348.06666667, -1530.48148148, -1657.37037037,  -572.30612245,
       -1105.07462687, -1308.91428571]), 149: array([ -732.55714286,  -961.33333333, -1085.69230769,  -448.13513514,
        -683.26086957,  -742.6031746 ]), 249: array([ -240.19008264, -2240.83333333, -2866.57142857, -1804.        ,
       -2122.57142857, -1579.6       ]), 349: array([-1582.42857143, -1168.26666667, -1742.        ,  -204.40492958,
       -1109.3       , -2035.2       ]), 449: array([-3869.        ,  -310.96969697, -4497.66666667, -3122.42857143,
       -3660.5       , -3557.        ]), 429: array([-4350.5       ,  -544.09756098, -4352.2       , -2566.16666667,
       -3894.75      , -2787.        ]), 329: array([-1087.70588235,  -217.32378223, -2032.875     , -1062.61538462,
       -2177.        , -2444.85714286]), 133: array([-3726.14285714, -2709.66666667,  -268.56730769, -3381.25      ,
       -1657.83333333, -5721.75      ]), 233: array([-1797.23529412, -2087.30769231, -2131.41176471, -2551.42857143,
       -1479.11627907, -2163.84615385]), 333: array([ -886.45205479, -2361.26666667, -2194.66666667, -3387.33333333,
       -2442.        , -2296.66666667]), 433: array([-1740.44444444, -1977.96428571,  -643.13888889, -1712.89285714,
       -1897.72      , -1717.6       ]), 453: array([-768.47435897, -579.14529915, -575.07964602, -764.36046512,
       -722.84705882, -750.        ]), 353: array([-1276.79245283,  -282.51304348,  -537.35087719,  -643.4375    ,
       -1004.42857143,  -822.4516129 ]), 166: array([-2576.53333333, -2888.75      , -2533.8       , -2776.09090909,
       -2395.90909091, -2306.94444444]), 146: array([-2309.35185185, -2516.35483871, -2413.9047619 , -2465.25454545,
       -2724.09375   , -2214.08602151]), 246: array([-2433.95652174, -2233.10714286, -3115.38888889, -1953.22527473,
       -2078.36363636, -2086.8       ]), 26: array([-2263.27777778, -2247.72972973, -2182.59016393, -2237.21818182,
       -2494.08571429, -2239.55263158]), 6: array([-2164.02173913, -2366.60869565, -2311.82142857, -2451.5       ,
       -2325.04      , -2659.13636364]), 106: array([-2836.64285714, -2291.225     , -2073.48      , -2556.88235294,
       -2541.38461538, -2300.44444444]), 206: array([-2016.28952381, -2091.66666667, -2146.50980392, -2402.72      ,
       -2027.50819672, -2104.76744186]), 72: array([-1424.33333333,  -637.13157895, -1429.70588235, -1371.2       ,
       -1873.        , -1266.66666667]), 172: array([ -183.16901408, -2378.83333333, -1725.4       , -2053.66666667,
       -1180.4       ,  -873.        ]), 92: array([ -476.69090909, -2766.33333333, -2721.        , -3840.42857143,
       -4971.75      , -4084.4       ]), 152: array([ -170.54237288, -2205.25      , -1850.6       , -3316.16666667,
       -2584.75      , -3716.        ]), 52: array([ -157.15625, -2621.     , -5076.5    , -3439.     , -2629.5    ,
       -3683.     ]), 132: array([ -307.69512195, -2666.83333333, -3387.        , -3483.5       ,
       -2708.66666667, -2929.5       ]), 232: array([ -142.69607843, -1742.81818182, -1334.61538462, -1394.44444444,
       -1330.875     , -1042.28571429]), 212: array([-1109.23529412, -1384.41666667,  -112.62      ,  -909.        ,
        -660.59090909,  -939.5       ]), 312: array([-2898.66666667,  -376.94545455, -2571.66666667, -3600.        ,
       -2232.33333333, -1548.2       ]), 412: array([-538.96428571, -650.06666667, -846.2       , -875.4       ,
       -919.25      , -727.15789474]), 46: array([-2390.61333333, -4163.2       , -4018.2       , -3866.        ,
       -2980.375     , -3070.66666667]), 66: array([-2655.13333333, -1852.08      , -2723.25      , -2790.08571429,
       -3432.        , -2548.31818182]), 78: array([-608.07692308, -350.64285714, -978.52941176,    2.95673877,
       -353.90909091, -452.26315789]), 178: array([-484.        ,  -17.57520661, -610.07142857, -296.16666667,
       -447.41666667, -291.71428571]), 278: array([-1199.66666667,   -68.86466165, -1157.5       ,  -335.88888889,
        -845.28571429, -3288.        ]), 378: array([-102.89014085, -120.81021898, -112.04724409, -162.98913043,
       -170.20879121, -234.98765432]), 374: array([-1586.96428571, -1389.70967742, -1662.54166667, -1932.23076923,
        -701.58928571, -1896.53846154]), 394: array([  -65.63454545, -1554.36363636,  -912.23076923, -1450.76470588,
       -1255.85714286, -1462.27272727]), 294: array([  -82.24478178, -1411.77777778,  -782.38888889, -2006.7826087 ,
       -1018.93333333, -1708.41666667]), 274: array([-2543.0625    ,  -181.08955224, -2558.3       , -3247.85714286,
       -2050.08333333, -2154.        ]), 407: array([-1698.61904762,  -949.17948718, -1679.54545455, -1849.65      ,
       -1780.0952381 , -1776.57142857]), 307: array([-1762.68181818,  -404.09090909, -2362.63636364, -2720.5       ,
       -1608.54545455, -2213.57142857]), 142: array([  -39.197411  , -2065.        ,  -563.07142857,  -982.5625    ,
        -553.48275862,  -681.75      ]), 242: array([-1448.125     ,  -937.41666667, -1524.58333333,   -39.77245509,
       -1559.81818182, -1348.76923077]), 342: array([-1870.625     , -1670.71428571,  -909.4       ,   -79.11594203,
       -1541.75      , -1734.25      ]), 442: array([-1626.        ,  -291.38888889, -1899.66666667, -2045.        ,
       -2139.44444444, -1454.45454545]), 422: array([-2467.25      , -2449.75      ,  -490.65714286, -2461.75      ,
       -2188.8       , -2159.75      ]), 322: array([-1138.83333333,   -37.21698113, -1417.33333333,  -842.4       ,
        -788.        ,  -905.2       ]), 120: array([-9.51866667e+02,  5.27233115e-01, -5.97809524e+02, -5.72300000e+02,
       -6.10700000e+02, -4.62296296e+02]), 0: array([-804.81818182, -380.11764706, -420.53846154, -159.16666667,
         17.9888535 , -479.78571429]), 20: array([-497.77777778, -830.375     , -802.375     ,   10.09543568,
       -462.84615385, -804.625     ]), 16: array([ 7.375     , 18.02564103,  0.46341463, 18.09615385,  9.67391304,
       20.        ]), 116: array([-133.        ,  -66.375     ,   15.47268908,  -14.75      ,
          3.2       ,    4.33333333]), 216: array([-320.375     ,   12.03953488, -147.        , -365.        ,
       -145.58333333, -213.44444444]), 316: array([-502.8125    ,   -4.8630137 , -495.8       , -543.18181818,
       -490.61538462, -419.07692308]), 416: array([ -691.78571429,    -9.51826484,  -594.91666667,  -294.4       ,
       -1206.5       ,  -984.        ]), 408: array([ -716.88235294, -1274.83333333,  -975.63636364,  -736.        ,
         -21.31207289,  -629.29411765]), 308: array([  -32.3221957 , -1109.        ,  -554.4375    ,  -553.1       ,
        -583.6       ,  -712.76923077]), 425: array([-1163.33333333,  -765.85714286,   -44.41538462, -1292.5       ,
       -1329.        ,  -721.16666667]), 445: array([-962.25      ,  -47.39325843, -235.2       , -678.5       ,
       -812.33333333, -624.        ]), 325: array([-109.075     , -284.19512195,  -38.51515152,  -63.63      ,
       -135.5       , -154.72413793]), 345: array([-539.42857143,  -15.76470588, -144.88888889, -385.28571429,
       -571.        , -651.2       ]), 129: array([-436.82758621, -547.36666667, -419.07943925, -446.71428571,
       -601.81034483, -473.73846154]), 229: array([-2275.16666667, -1183.61904762, -1034.70588235,  -176.1655481 ,
       -1422.31818182, -1056.78947368]), 49: array([ -708.64220183, -2857.55555556, -3720.66666667, -3772.66666667,
       -3529.85714286, -2560.75      ]), 69: array([ -967.73170732, -1559.21428571, -1417.71428571,  -946.82      ,
        -865.5974026 , -1093.61111111]), 189: array([-1647.95454545, -1442.92592593, -1994.31578947, -1528.54166667,
       -1269.6       , -1105.79591837]), 289: array([-2887.8       , -2287.41666667, -2445.83333333,  -379.26760563,
       -2074.66666667, -2473.2       ]), 450: array([-4178.        , -3181.5       , -2354.8       ,  -264.5       ,
       -1922.16666667, -2102.83333333]), 430: array([ -436.40740741,  -147.75949367,  -889.5       ,  -901.8       ,
       -1064.07692308,  -886.25      ]), 330: array([-2671.5       ,   -93.45045045, -1507.33333333, -4810.        ,
       -3173.66666667, -1355.        ]), 350: array([ -803.94736842,  -475.15384615,  -223.21428571, -2163.        ,
       -1593.28571429, -1282.7       ]), 290: array([-1086.875     ,  -444.05263158, -1235.8       , -1351.88235294,
       -1079.7037037 , -1064.28571429]), 270: array([-1020.90909091,  -234.78082192, -1129.3125    ,  -879.17647059,
       -1377.30769231,  -824.58823529]), 250: array([-2506.42857143,  -118.04444444, -2746.25      , -2681.        ,
       -3243.        , -2304.25      ]), 150: array([-2.11616667e+03, -9.02666667e+02, -2.20500000e+03,  1.95845697e-01,
       -1.76380000e+03, -1.42575000e+03]), 230: array([ -585.23076923,  -732.8       ,  -929.875     ,   -14.73849372,
       -1324.375     ,  -505.66666667]), 190: array([-1097.56521739,  -254.41176471,  -838.48275862,  -747.27777778,
        -796.54545455,  -579.40625   ]), 231: array([-1469.75      , -2179.2       ,  -908.66666667,  -154.45405405,
       -1492.85714286, -1954.5       ]), 151: array([-1519.53333333, -1246.28571429, -3210.        ,  -118.37588652,
       -1639.16666667, -2118.85714286]), 131: array([ -862.8       , -1668.11111111,  -880.07142857,   -58.85576923,
        -468.5       ,  -804.38461538]), 211: array([  -75.7137746 , -1143.        ,  -480.68421053,  -754.57142857,
        -683.38888889,  -682.33333333]), 311: array([ -61.16435986, -875.2       , -394.09090909, -311.875     ,
       -542.33333333, -930.44444444]), 411: array([ -792.34285714,  -855.61290323,  -747.375     ,  -621.67741935,
         -55.59395973, -1104.7       ]), 419: array([-638.31818182,  -44.6846543 , -484.38888889, -557.2       ,
       -734.26666667, -692.11764706]), 319: array([-667.41176471,  -33.24703892, -580.61904762, -643.26086957,
       -643.25      , -943.38461538]), 241: array([-1036.        , -1267.4       , -1352.25      ,   -82.17297297,
       -1031.6       , -1134.625     ]), 261: array([-1957.92857143,  -163.24193548, -2172.18181818, -1926.45454545,
        -988.41666667, -1626.25      ]), 361: array([-3474.2       , -3284.375     ,  -641.54545455, -2538.        ,
       -3777.28571429, -2451.83333333]), 461: array([-2599.44444444, -2057.4375    , -1591.5       , -2938.22222222,
       -2014.5       , -1182.86666667]), 481: array([-2722.7       ,  -827.4893617 , -3390.33333333, -3650.66666667,
       -3625.55555556, -3473.        ]), 381: array([-2855.625     ,  -375.69747899, -3212.33333333, -2250.25      ,
       -2237.625     , -1804.42857143]), 281: array([-3036.        , -2251.69230769, -2214.92307692,  -265.36470588,
       -2322.35714286, -2165.07142857]), 10: array([  -91.20754717,  -744.85714286, -1177.85714286, -1165.875     ,
        -687.8       ,  -510.3       ]), 130: array([ -11.2745098 , -414.41666667, -849.83333333, -993.375     ,
       -425.        , -887.625     ]), 170: array([ -687.92682927,  -878.86956522, -1053.04761905,   -78.73202614,
        -805.88888889,  -756.        ]), 90: array([-1257.14285714, -1225.875     , -1241.33333333,  -180.25352113,
       -1286.875     , -1391.14285714]), 70: array([-954.92857143, -975.5       , -862.08333333, -138.16666667,
       -871.88888889, -782.4       ]), 50: array([  -63.69852941, -1421.875     , -1478.625     , -1160.        ,
       -1011.9       ,  -937.81818182]), 475: array([ -36.44444444, -124.23529412,  -83.9       , -181.41666667,
         18.53989813, -287.875     ]), 495: array([ -73.72727273,  -26.46666667,  -30.93548387, -101.47619048,
        -69.        , -100.88888889]), 395: array([ -565.8       , -1059.25      ,   -33.        ,    12.88888889,
        -996.        ,  -501.5       ]), 479: array([16.82222222, 15.03125   , 17.17391304, 18.90697674,  7.65853659,
       20.        ]), 379: array([18.63850064,  0.55      , 12.91304348, 11.1025641 , -1.88461538,
       -5.75757576]), 265: array([ -729.85714286,  -860.07692308,   -64.75384615,  -847.66666667,
       -1632.625     , -1064.88888889]), 285: array([-1762.        ,   -15.14285714,  -851.125     ,  -627.58823529,
        -562.        ,  -630.625     ]), 185: array([-719.36363636,    6.20790378, -369.1875    , -209.22727273,
       -218.33333333, -208.54545455]), 245: array([ -354.6       ,   -28.95744681,  -921.5       , -1211.875     ,
       -1216.16666667, -1502.71428571]), 225: array([  -65.1875    , -2084.625     , -1075.        , -1842.        ,
        -973.14285714,  -525.66666667]), 181: array([-777.04444444, -425.23404255, -893.93103448, -839.7826087 ,
       -772.81395349, -960.91666667]), 161: array([ -725.06060606, -1074.86486486,  -904.425     ,  -136.58273381,
        -987.71428571,  -917.36111111]), 81: array([-467.54255319, -656.69230769, -564.11428571, -645.42105263,
       -551.24137931, -473.3       ]), 61: array([ -561.76923077, -4049.        , -2998.33333333, -2626.        ,
       -3344.        , -3102.5       ]), 141: array([ -96.77407407, -939.2173913 , -513.93506494, -635.52941176,
       -899.22580645, -573.03125   ]), 41: array([-803.14814815, -426.8       , -568.88      , -748.85      ,
       -620.44444444, -815.8125    ]), 1: array([-784.23076923, -360.6875    , -954.6       , -422.6875    ,
        -33.46531303, -533.94117647]), 244: array([-2891.52272727,  -299.83606557, -3115.4375    , -2935.71875   ,
       -3154.17647059, -2823.97297297]), 84: array([-1768.41666667, -1741.77272727, -1768.21052632, -2046.35      ,
         -53.44609665, -1330.75      ]), 184: array([-1637.25806452,   -89.17751479, -1170.05      , -1546.87179487,
       -1076.94117647, -1505.83870968]), 44: array([-1344.12820513, -2667.9       , -2952.70588235, -2423.43478261,
       -2537.5       , -2772.125     ]), 144: array([-2484.85714286, -2020.54166667,  -245.87743733, -2430.80555556,
       -2402.18181818, -2461.04347826]), 224: array([-2636.17307692, -2676.13043478,  -366.88785047, -2695.16666667,
       -2657.67857143, -2441.35555556]), 204: array([-2311.5       , -2263.64285714,  -821.7826087 , -1902.68965517,
       -1712.62711864, -2220.88888889]), 304: array([-2760.69230769, -1415.98701299, -2494.44      , -2424.48387097,
       -2700.        , -2782.86956522]), 404: array([-2231.83333333, -1655.1372549 , -1791.61290323, -1620.65625   ,
       -1816.38461538, -1614.02325581]), 328: array([-2528.        , -2315.77777778, -2265.35294118, -1641.        ,
       -3112.        , -2860.53846154]), 428: array([-3525.33333333, -3355.        , -1047.7804878 , -2973.5       ,
       -2840.18181818, -3393.76923077]), 448: array([-3799.        ,  -931.22368421, -3419.        , -3250.77777778,
       -2989.64285714, -3384.66666667]), 348: array([-2193.15      ,  -724.75510204, -1948.5       , -3241.625     ,
       -2354.375     , -2105.72727273]), 254: array([-2169.27272727, -1236.7826087 ,  -169.88990826, -1973.25      ,
       -1253.63333333, -1551.81818182]), 234: array([-2129.8       , -2404.8       ,  -296.31      , -2342.57142857,
       -3118.375     , -2603.3       ]), 214: array([-2044.53846154, -2635.83333333,  -298.30909091, -1187.6       ,
       -2271.16666667, -2144.125     ]), 314: array([-1806.73333333,  -494.6       , -2012.25      , -2027.8       ,
       -1109.23809524, -2082.14285714]), 414: array([-2140.40909091, -1058.05769231, -2164.66666667, -2364.5       ,
       -2456.57894737, -2377.16666667]), 112: array([-530.34146341, -486.3125    , -567.73170732, -336.42465753,
       -364.34615385, -804.59259259]), 12: array([ -373.68965517, -2285.        , -1820.4       , -1781.16666667,
       -1827.8       , -2564.8       ]), 32: array([ -900.8125    ,  -556.0952381 , -1030.28571429, -1015.375     ,
        -956.88235294, -1229.8       ]), 124: array([-1097.0125    , -1735.66      , -1028.19565217, -1451.10606061,
        -932.        , -1467.81428571]), 104: array([-3021.34482759, -3182.375     , -1349.38582677, -2782.35294118,
       -2597.17857143, -2849.09375   ]), 91: array([-1431.85714286, -2284.33333333,  -590.        ,  -129.62200957,
       -1563.        , -1459.66666667]), 111: array([ -57.56509695, -425.97916667, -573.82142857, -562.38235294,
       -698.93333333, -487.10344828]), 31: array([ -379.85      , -1893.3       , -1963.81818182, -2653.5       ,
       -2002.33333333, -1495.36363636]), 51: array([-109.34082397, -393.        , -453.65      , -285.76      ,
       -397.57971014, -391.33928571]), 143: array([-1905.08      , -2249.34285714, -2265.125     ,  -201.6300578 ,
       -1646.875     , -1662.625     ]), 243: array([-1447.25641026, -1200.06382979,  -722.8       , -1502.325     ,
       -1158.12658228, -1374.32352941]), 343: array([-2122.42857143,  -895.3047619 , -2733.85714286, -2239.1       ,
       -2384.75      , -2582.53846154]), 443: array([-4242.        , -4290.8       , -3657.66666667, -1559.47727273,
       -3149.14285714, -3954.4       ]), 423: array([-2797.75      , -1232.49253731, -3202.77777778, -2267.8       ,
       -2489.77777778, -2325.9       ]), 323: array([-2085.54545455, -1716.10958904,  -548.06849315, -1618.3       ,
       -1527.2       , -1859.11111111]), 93: array([-679.08510638, -765.81395349, -469.92682927, -446.86904762,
       -802.18604651, -701.29787234]), 73: array([ -677.92105263, -1076.3       ,  -924.375     ,  -309.14285714,
       -1159.80952381,  -620.29850746]), 173: array([ -124.80972516, -1265.23529412,  -920.73333333, -1364.6       ,
        -852.4       , -1757.83333333]), 273: array([-1127.46428571, -1743.24      ,   -86.48065173, -1715.125     ,
       -1349.78947368, -1324.6       ]), 153: array([-1381.22222222, -1259.125     ,  -137.56712963,  -826.44444444,
        -662.55555556,  -441.90909091]), 253: array([-1957.2       ,  -253.59183673, -1749.63636364, -2800.41176471,
       -2208.3       , -1517.46511628]), 33: array([-241.20245399, -317.5       , -177.03921569, -384.33333333,
       -243.53571429, -314.45679012]), 53: array([ -235.54455446, -1817.5       , -2139.33333333, -2992.        ,
       -1869.33333333, -1921.8       ]), 11: array([ -387.20289855,  -685.17391304,  -887.91304348,  -924.625     ,
       -1134.17647059,  -706.96153846]), 145: array([-1136.18181818,  -765.45454545,   -19.27642276, -1261.11111111,
        -187.81818182, -1334.2       ]), 125: array([-1450.76923077, -1384.33333333,   -59.50549451, -1434.66666667,
        -446.60869565, -1275.88888889]), 165: array([-385.23076923, -286.66666667,   -5.91037736, -847.        ,
       -495.11111111, -412.9375    ]), 65: array([  -81.80357143, -1717.5       , -1843.        , -2631.        ,
       -2722.        , -1283.        ]), 85: array([-193.        ,  -86.23529412, -306.7       , -167.82142857,
         12.43094842, -200.42857143]), 25: array([ -451.14516129, -3918.        , -3660.5       , -4357.75      ,
       -4044.25      , -5338.33333333]), 45: array([ -312.3125    , -2513.        , -1509.        , -1984.33333333,
       -1738.75      , -2054.        ]), 29: array([ -371.88349515, -1019.875     , -1662.        , -2391.85714286,
       -1372.83333333, -1507.28571429]), 9: array([-3147.77777778, -2802.        ,  -788.48571429, -3048.75      ,
       -2650.14285714, -2487.5       ]), 109: array([ -318.55371901, -2636.55555556, -1890.38461538, -2386.2       ,
       -2941.33333333, -2506.08333333]), 209: array([-185.22552448, -586.52173913, -641.03846154, -525.04166667,
       -649.10526316, -606.76190476]), 309: array([-118.12690355, -237.04845815, -232.54385965, -154.45734597,
       -207.71900826, -225.49545455]), 409: array([-866.4516129 , -979.28070175, -952.59649123, -893.16949153,
        -92.01803279, -888.61666667]), 417: array([-462.05714286,  -61.98675497, -469.68656716, -400.60824742,
       -552.51724138, -633.55714286]), 317: array([-839.68421053,  -37.36241611, -538.64705882, -675.36363636,
       -664.02631579, -642.32352941]), 154: array([-2175.14285714, -2475.6       ,  -108.73684211, -3157.86666667,
       -2034.        , -2501.28571429]), 54: array([-1081.65625   , -1450.        , -1015.42857143,  -461.43589744,
       -1111.7       ,  -984.64705882]), 134: array([-3735.33333333, -3142.11111111,  -214.94936709, -3604.9       ,
       -3635.83333333, -3075.14285714]), 114: array([-674.30769231, -567.45454545, -489.20408163, -665.07692308,
       -570.27272727, -408.39130435]), 14: array([ -584.85964912, -2284.75      , -1805.36363636, -1933.22222222,
       -2376.5       , -2167.        ]), 34: array([-3189.75      , -3284.28571429, -3479.66666667,  -857.21875   ,
       -2643.77777778, -3968.33333333]), 174: array([-1901.1875    , -1452.13333333,  -102.2       , -1600.57142857,
       -2321.9       , -1785.66666667]), 74: array([ -510.78      , -3479.6       , -3511.4       , -3835.71428571,
       -3654.4       , -3658.8       ]), 194: array([  -98.56122449, -1729.        ,  -925.84615385,  -985.11111111,
       -1723.5       ,  -768.5       ]), 135: array([ -818.39393939, -1351.3       ,   -40.91823899, -1579.14285714,
        -808.52941176,  -921.42857143]), 235: array([-1040.75      ,  -233.48913043, -1214.        , -1318.21428571,
        -940.66666667,  -717.92307692]), 335: array([ -789.85714286,  -710.15      ,  -904.82352941, -1260.4       ,
        -819.83333333,  -471.81578947]), 435: array([-1711.83333333, -1993.        ,  -134.19444444, -1079.        ,
       -1406.        ,  -756.        ]), 455: array([-2996.        ,  -109.67213115, -2283.        , -1835.75      ,
       -2036.33333333, -2304.        ]), 355: array([-1643.42857143,   -34.42424242, -1093.4       , -2449.75      ,
       -1265.5       ,  -836.        ]), 248: array([-1821.42857143, -3338.        ,  -864.96969697, -2296.        ,
       -3023.5       , -2289.28571429]), 228: array([-2900.5       , -2898.6       , -1261.10447761, -2118.        ,
       -4297.5       , -2564.66666667]), 128: array([-1224.64516129, -1056.76595745, -1396.52      ,  -125.84552846,
       -1163.74074074, -1035.95238095]), 148: array([-1805.57692308, -1648.55      , -1805.93333333,  -134.77672956,
       -1411.5625    , -1571.33333333]), 268: array([-1701.11805556,  -114.44486692, -2001.21052632, -1790.10526316,
       -1713.41176471, -1845.82352941]), 368: array([-1933.60927152,  -890.33846154, -2268.9122807 , -2142.37288136,
       -1980.73684211, -1919.80952381]), 468: array([-1621.73376623, -1430.50802139, -1665.60843373, -1413.62146893,
       -1586.86956522, -1593.68589744]), 488: array([-1884.04166667, -1948.25925926, -1874.03846154, -1585.46067416,
       -1939.95774648, -1921.12676056]), 388: array([-1840.13829787, -1766.06818182, -2063.56410256, -1910.55813953,
       -1939.075     , -1591.328125  ]), 275: array([   8.6344086 , -189.23076923, -443.375     , -249.        ,
       -455.6       , -142.7       ]), 375: array([  16.38077634, -179.66666667,  -23.3       ,  -70.57142857,
        -87.6       ,  -74.11111111]), 288: array([-2706.54545455, -2644.75      , -2757.        ,  -747.24817518,
       -1852.5       , -1629.        ]), 168: array([-2599.5       , -2096.54545455,  -935.55555556,  -195.19795222,
       -2830.        , -1252.54545455]), 188: array([ -666.71111111, -3883.66666667, -2361.6       , -2755.        ,
       -2672.14285714, -2444.5       ]), 68: array([-2436.14285714, -1944.33333333,  -710.        , -2504.25      ,
       -2150.08333333, -2428.66666667]), 48: array([-1158.86956522, -1241.57142857, -1405.5625    , -1570.5       ,
       -1441.95      ,  -836.37931034]), 28: array([ -737.98666667, -1662.23529412, -1450.61111111, -1718.33333333,
       -1704.5       , -1647.66666667]), 30: array([-1404.4       , -4742.        , -4636.        ,  -163.75757576,
       -4687.        , -4740.        ]), 43: array([ -547.355     , -2596.15625   , -2765.60606061, -2544.74193548,
       -2863.48148148, -2479.21875   ]), 63: array([-2786.57575758, -2964.09090909, -3004.37037037,  -530.88648649,
       -2753.        , -3175.09090909]), 163: array([-1220.21929825,  -593.93506494,  -927.82828283,  -557.74305556,
        -559.00396825,  -673.02970297]), 263: array([-2756.17142857,  -733.15311005, -2991.5625    , -2221.65      ,
       -2711.53333333, -2388.06666667]), 363: array([-1925.        , -1352.45679012, -1760.64285714, -1295.48453608,
       -1740.        , -1776.57446809]), 463: array([-1373.6875    , -1555.65853659, -1690.82692308, -1633.43396226,
       -1692.58333333, -1609.11111111]), 483: array([-1293.02985075, -1551.625     , -1759.06122449, -1664.01538462,
       -1727.16326531, -1574.49056604]), 383: array([-1827.16666667, -1684.50724638, -1452.65168539, -1811.9122807 ,
       -1826.37931034, -1832.81538462]), 24: array([-1535.98305085, -2434.13333333, -2304.08064516, -2385.76271186,
       -2101.97058824, -2326.6779661 ]), 4: array([-1758.63414634, -2198.06896552, -2208.09230769, -2139.80645161,
       -1429.89130435, -2192.30769231]), 89: array([-3862.        , -2314.        , -3337.6       ,  -941.07272727,
       -2816.2       , -4275.5       ]), 94: array([ -480.37142857, -3166.77777778, -3524.        , -4794.5       ,
       -3185.66666667, -3300.        ]), 97: array([-68.10869565,  13.04444444,  14.83018868, -28.80769231,
         9.16666667,  20.        ]), 197: array([-29.82352941,  18.38833333, -50.24242424, -83.58139535,
       -52.88571429, -42.52941176]), 297: array([-75.78947368,  15.83806344, -27.425     , -47.28571429,
       -41.82352941, -51.65714286]), 96: array([ -17.59225092, -608.30434783, -656.93333333, -811.04761905,
       -783.66666667, -712.08333333]), 196: array([-229.23529412, -280.19230769, -251.54545455,   -2.63194444,
       -108.76190476,  -76.57142857]), 296: array([-481.44444444,   -7.87045814, -874.22222222, -926.7       ,
       -330.27586207, -442.25      ]), 276: array([-1557.66666667,   -55.984375  , -1833.        , -1138.33333333,
       -1023.25      , -1335.66666667]), 27: array([-2526.125     , -3673.75      , -2647.        ,  -565.48148148,
       -3047.        , -3846.66666667]), 127: array([-1461.25      , -1394.        ,  -881.5       ,  -780.88888889,
       -1348.28571429,  -489.5       ]), 227: array([ -127.45348837, -1358.8       , -1967.2       , -2814.        ,
       -1459.875     , -1887.1       ]), 47: array([-1715.6       , -1328.66666667,  -119.3164557 , -1319.5       ,
       -1536.66666667, -1150.75      ]), 107: array([ -270.69230769, -1038.66666667, -1905.66666667, -1196.2       ,
       -1627.2       , -1693.4       ]), 207: array([-1944.46153846, -1489.        ,  -155.68531469, -1651.        ,
       -1044.        , -1350.54545455]), 87: array([-162.83333333,  -94.98347107, -103.82608696, -145.50746269,
        -13.80887372, -174.69565217]), 262: array([ -379.84848485, -3721.5       , -4303.33333333, -3127.33333333,
       -3572.        , -3236.5       ]), 362: array([ -341.24590164, -2213.66666667, -1637.        , -1497.6       ,
       -2785.75      , -1775.71428571]), 462: array([-509.4       , -982.3       , -226.65822785, -718.83333333,
       -681.92      , -648.77777778]), 482: array([-1127.64      ,  -205.09473684,  -492.21621622, -1055.71428571,
        -779.57142857,  -744.68421053]), 382: array([-1479.36363636,  -121.36521739, -1539.        , -2364.33333333,
       -1713.85714286, -1856.        ]), 219: array([-568.22222222, -479.14814815,   -6.43979058, -546.29411765,
       -429.14285714, -424.86486486]), 113: array([-3949.18181818,  -307.52941176, -1669.4       ,  -806.44444444,
       -2177.66666667, -2167.33333333]), 213: array([-2855.66666667,  -377.95833333, -3060.        , -3039.85714286,
       -2047.81818182, -2547.28571429]), 313: array([-1572.8       ,  -492.01515152, -1218.35      , -1009.03571429,
       -1321.52380952, -1321.42105263]), 413: array([ -835.06521739,  -848.36      , -1226.20588235, -1121.44117647,
       -1236.79310345, -1112.81081081]), 119: array([-1033.66666667,  -236.21428571, -1596.25      , -1603.25      ,
       -1490.5       , -3036.        ]), 139: array([ -12.26340326, -689.66666667, -221.44444444, -241.90909091,
       -175.4       , -566.5       ]), 239: array([-473.34482759, -312.86666667,    5.0782881 , -268.        ,
       -224.4       , -160.16666667]), 339: array([ -485.30769231, -4266.        , -1933.        , -1909.        ,
       -3833.5       , -7003.        ]), 439: array([-2330.33333333, -2483.        ,  -367.37037037, -2549.33333333,
       -2206.5       , -1766.5       ]), 459: array([-371.0952381 , -278.34615385, -651.92307692, -940.69230769,
       -855.78571429, -485.5       ]), 58: array([   3.88704319, -220.53846154, -222.38461538, -142.46153846,
       -202.5       , -162.33333333]), 158: array([ -57.5       , -264.25      , -202.14285714,   12.07450331,
        -64.85      , -132.        ]), 258: array([   10. , -1509. , -1359. ,   -16.5,  -259. ,  -644. ]), 358: array([  -27., -1360.,    10.,    14.,     0.,     0.]), 458: array([-1117. ,  -681.5, -2227. , -2156. , -1988. , -1108. ]), 302: array([-2659.        ,  -129.89130435, -2326.5       , -4213.        ,
       -2719.5       , -2082.5       ]), 402: array([-2527.5       ,  -199.23809524, -2482.5       , -2623.        ,
       -2543.        , -2349.        ]), 202: array([-1138.4       , -2297.8       ,   -65.7195122 , -1312.        ,
       -1519.5       , -3514.33333333]), 105: array([-612.94736842, -918.2       , -663.7826087 , -346.08163265,
       -895.66666667, -852.58333333]), 205: array([-2474.8       , -2568.66666667,   -96.51351351, -6536.        ,
       -5429.5       , -2832.        ]), 305: array([-558.54545455, -276.275     , -452.25      , -250.45945946,
       -365.        , -425.72      ]), 405: array([-1556.71428571,  -372.125     , -1396.66666667, -1754.        ,
       -1523.6       , -1638.75      ]), 5: array([-737.41666667, -329.73809524, -735.63636364, -653.55      ,
       -811.08695652, -658.64705882]), 162: array([-1344.        , -1447.        ,  -134.97777778, -2629.5       ,
       -1953.33333333, -3195.66666667]), 282: array([-2710.4       ,   -70.82638889,  -543.5       , -1946.4       ,
        -861.9       , -1359.83333333]), 182: array([-1238.75      ,   -52.00956938,  -686.        , -1133.66666667,
        -769.66666667,  -834.25      ]), 62: array([-1380.28571429, -2159.25      , -1235.33333333,   -41.54863813,
        -890.85714286,  -608.        ]), 42: array([  -55.03496503,  -962.83333333, -1357.85714286, -1036.88888889,
       -1315.375     , -4535.66666667]), 255: array([-1499.66666667, -4013.5       ,    -4.71538462, -1583.6       ,
        -897.        ,  -377.18181818]), 175: array([    4.37931034,  -699.38461538, -1125.5       ,  -865.57142857,
        -635.25      , -1271.4       ]), 195: array([-184.        , -273.4516129 , -107.77272727, -122.84615385,
       -225.84      , -182.28571429]), 295: array([-184.43478261, -172.18181818,  -37.59649123, -124.92592593,
       -165.57142857, -130.73684211]), 155: array([-2027.83333333, -1129.6       ,   -15.10989011, -2896.6       ,
       -1449.        , -2845.66666667]), 75: array([ -120.64788732, -1320.16666667, -1790.5       , -2166.85714286,
       -1876.25      , -1462.2       ]), 35: array([ -457.35416667, -5109.5       , -4731.5       , -3774.5       ,
       -5564.5       , -2185.5       ]), 55: array([-3693.5       , -2444.75      ,  -196.93333333, -2171.66666667,
       -3709.33333333, -3665.66666667]), 222: array([ -475.81818182,   -11.61747573, -1460.08333333,  -904.8125    ,
        -726.45454545, -1042.875     ]), 122: array([-840.43478261,   -8.68715084, -342.75      , -358.58333333,
       -268.6875    , -370.13333333]), 102: array([-2233.25      ,  -214.63829787, -3720.25      , -2355.25      ,
       -2265.75      , -2615.75      ]), 2: array([-601.58333333, -317.14285714, -739.71428571, -306.4       ,
          9.        ,  -87.41666667]), 39: array([  -4.98356808, -384.125     , -305.4       , -586.16666667,
       -344.78571429, -252.125     ]), 159: array([-2347.2       ,   -40.75609756, -4037.        ,  -138.        ,
       -3381.66666667, -2742.33333333]), 259: array([-710.125     , -131.60869565,   11.68918919, -194.16666667,
       -597.92307692, -515.76190476]), 359: array([-2887.75      ,   -70.14634146,  -867.25      , -2210.25      ,
        -835.5       , -1119.        ]), 19: array([ -500.13333333,  -517.42857143,    -9.87089202,  -772.81818182,
        -490.76923077, -1070.77777778]), 3: array([-1393.375     ,  -812.33333333, -1377.69230769, -1261.        ,
         -14.43488943,  -922.6       ]), 103: array([-1782.19480519, -2307.        , -1997.54545455, -2689.        ,
       -3317.14285714, -2919.        ]), 203: array([-1918.75182482, -2029.97826087, -1217.21052632, -1833.79661017,
       -1853.60869565, -1798.51111111]), 303: array([-1805.22516556, -1644.77692308, -1790.04587156, -1636.95901639,
       -1773.17117117, -1894.06481481]), 403: array([-1718.40666667, -1729.5443038 , -1661.36942675, -1720.19333333,
       -1703.54901961, -1703.33333333]), 13: array([-1453.94736842, -1622.76923077,  -272.75      , -1504.14285714,
       -1779.4       , -1064.58823529]), 17: array([-426.0952381 , -294.06666667,  -27.79487179, -277.66666667,
       -448.90909091, -630.08333333]), 117: array([-386.73333333, -439.26666667, -375.875     , -533.45454545,
       -622.76923077, -283.88235294]), 217: array([-748.85714286, -474.58823529,   -2.81649832, -540.2       ,
       -431.        , -605.76923077]), 237: array([-139.80769231, -198.75      ,    0.9663503 , -224.04761905,
       -162.95652174, -288.91666667]), 337: array([-1034.25      ,   -76.91489362,  -810.33333333, -1919.5       ,
        -697.66666667,  -483.66666667]), 437: array([ -762.        ,  -195.33333333, -1174.4       ,  -699.2       ,
        -832.8       ,  -756.25      ]), 283: array([-2051.44186047, -1558.37735849, -1307.86419753, -1933.31111111,
       -1887.56818182, -1880.20512821]), 83: array([-2328.07894737, -1831.02702703, -2334.58333333, -2451.48484848,
       -2322.81818182, -2380.6       ]), 183: array([-2560.04761905, -2710.85      , -3244.54545455,  -958.29333333,
       -2857.27272727, -2822.42857143]), 23: array([-2377.23076923, -2366.88888889, -1402.4       ,   -61.45454545,
       -1316.33333333, -1825.64285714]), 123: array([-2060.77777778,  -110.94308943, -1598.63636364, -2264.33333333,
       -1329.33333333, -1471.6       ]), 223: array([ -661.83050847, -2060.37037037, -1556.26666667, -1762.5412844 ,
       -1797.5       , -1432.53333333]), 95: array([ -229.97619048, -3059.6       , -1496.2       , -2765.5       ,
       -1748.75      , -3508.        ]), 88: array([ -791.09836066,  -582.40677966, -1172.66666667,  -795.33333333,
        -904.82758621,  -912.63333333]), 208: array([  -44.53670886, -1409.58823529, -1605.64285714,  -747.94444444,
        -896.58333333, -1123.9375    ]), 108: array([  -84.12435233, -1169.        , -1205.08695652,  -922.07692308,
       -1055.72727273, -1080.8125    ]), 277: array([-150.48148148, -114.11538462,   13.79102041, -200.74074074,
       -156.5       , -201.        ]), 177: array([   10.45454545,  -596.75      ,  -165.5       ,  -550.        ,
       -1559.        ,  -152.6       ]), 77: array([  -45.88679245, -1054.5       ,  -924.5       , -2074.        ,
       -1827.        ,  -519.25      ]), 7: array([ -367.38095238, -2318.        , -3205.75      , -2492.        ,
       -1391.25      , -2399.        ]), 59: array([-66.0952381 , -84.42105263, -34.74509804, -63.83870968,
       -74.47619048, -79.4       ]), 79: array([   8.27121464, -269.125     ,  -76.31818182, -174.78947368,
       -123.42857143, -173.73333333]), 179: array([   13.54214876,  -165.83333333,  -164.8       , -1380.        ,
         -83.55555556,   -53.        ]), 279: array([ 17.14572539, -20.3       , -79.71875   , -22.12      ,
       -22.24137931, -23.17857143]), 399: array([-1007.5       ,  -323.        ,  -338.66666667,     1.25531915,
        -301.        , -1028.5       ]), 499: array([ -498.5       ,  -968.        , -1984.        ,    18.19148936,
       -1954.        , -1977.        ]), 22: array([-154.44444444,  -82.31578947,  -55.09876543,    1.84848485,
        -67.27906977, -210.62857143]), 82: array([ -608.78571429,  -950.1       , -1144.75      ,   -39.69957082,
       -1022.66666667,  -949.5       ]), 15: array([-529.66666667, -587.14285714, -519.63157895, -746.16666667,
       -752.33333333, -458.76470588]), 115: array([-4380.75      , -4062.5       ,  -424.12727273, -3228.5       ,
       -4550.        , -5087.        ]), 215: array([-1335.94117647, -2686.33333333,  -294.64705882, -2597.        ,
       -3471.66666667, -1384.        ]), 315: array([-1715.10638298,  -810.04761905, -2519.93333333, -1836.15      ,
       -1813.6       , -1592.8       ]), 415: array([-1489.5       , -1550.54901961, -1589.5       , -1552.6       ,
       -1578.67346939, -1556.04166667]), 18: array([  13.86163522,   13.3125    , -123.35294118,   13.        ,
          2.9       ,   12.25      ]), 118: array([15.46185738,  9.69230769, 10.53846154,  9.91304348,  4.25      ,
        0.33333333]), 218: array([16.96666667, 13.43333333, 10.42857143, 10.04347826,  3.79166667,
        2.27272727]), 318: array([18.6460177 , 11.25925926, 16.78571429, 16.90909091,  8.5       ,
        8.80645161]), 99: array([-580.46666667, -587.94117647, -776.91666667,    1.22125436,
       -976.33333333, -977.        ]), 199: array([  -56.48275862, -2956.        , -2761.66666667, -2913.        ,
        -658.        , -2075.        ]), 299: array([ -71.96296296,  -63.5       ,  -21.28571429,  -58.37931034,
       -148.41176471,  -31.55555556]), 38: array([-774.        , -100.        ,  -19.        ,   11.68965517,
        -38.        ,  -33.33333333]), 138: array([-216.        ,    3.73333333,  -14.26666667,   14.02995008,
          3.6       ,    2.8       ]), 238: array([-2230.        ,   -44.5       ,  -128.5       ,    14.75555556,
          -8.        ,     0.        ]), 338: array([-2229.        ,    15.07142857,     0.        ,    15.        ,
           0.        ,     0.        ]), 438: array([-2155., -2114., -2228., -2142., -2110., -2081.]), 37: array([ -16.57560137, -399.6       , -436.        , -430.        ,
       -596.72222222, -412.47368421]), 137: array([   -4.71331058,  -413.25      ,  -562.46666667, -1569.85714286,
        -329.70588235,  -285.76470588]), 8: array([ -944.725     ,  -822.40425532, -1308.64285714, -1058.30434783,
       -1296.7826087 , -1251.36363636]), 36: array([-10.19230769,  14.56      ,  16.5483871 ,  18.59259259,
         6.77777778,   5.33333333]), 136: array([-219.5       ,   17.17453416,  -48.68571429,   11.71428571,
          6.21428571,    6.03846154]), 236: array([-2530.        ,    -7.        ,  -626.5       , -1136.66666667,
       -1169.75      ,  -348.        ]), 336: array([-2388.5,  -349. , -1263. , -2330. , -4409. ,     0. ]), 436: array([ -546.        , -1225.33333333, -2237.5       , -2137.5       ,
       -1765.33333333, -1365.66666667]), 456: array([-2175.        , -2202.5       , -2108.        , -1642.33333333,
       -1590.33333333, -2236.        ]), 356: array([-1690.66666667, -1168.5       , -1176.        ,  -819.        ,
       -1139.5       , -1687.5       ]), 256: array([-1035.33333333, -1184.        ,   -61.96551724, -1707.        ,
       -1969.        , -1369.        ]), 156: array([-174.93548387, -400.        , -190.14814815,   10.0804403 ,
       -250.67857143, -115.44444444]), 176: array([-1.14363636e+02, -5.18478261e+02, -2.37678571e+02,  3.52136752e-01,
       -2.74750000e+02, -1.53789474e+02]), 76: array([-666.92307692, -785.05555556, -194.5       , -574.42857143,
       -363.        , -570.71428571]), 56: array([-264.38095238, -238.5       , -587.10526316, -151.51351351,
       -246.23529412, -220.71428571]), 157: array([-1713.66666667, -2548.66666667,   -47.59375   , -2742.66666667,
       -1602.6       , -1893.5       ]), 257: array([-461.51851852, -273.0625    ,    9.8115688 , -345.40909091,
       -283.55555556, -176.5       ]), 357: array([ -476.80769231,  -931.4       , -1274.5       , -1833.5       ,
       -1372.33333333, -1561.33333333]), 457: array([-376.61538462, -515.9047619 , -463.04761905, -384.34615385,
       -469.33333333, -443.72727273]), 57: array([-2933.        , -3250.        , -1495.        , -3139.        ,
       -4565.        , -2368.66666667])})